[[-0.25028522 -0.2523445  -1.05662687 ...  0.241604   -0.26271097
  -0.17817544]
 [-0.15410999  0.75918258 -0.1470371  ... -0.74487259 -0.3599877
   0.00358985]
 [-0.52823149 -1.99312745  0.16412377 ...  1.0500872  -1.4523522
   1.2825809 ]
 ...
 [-0.18624144 -1.18168483 -1.14377351 ... -0.09775961  0.77457821
  -0.16702489]
 [ 0.76968522 -0.05321333 -0.9635336  ... -0.46433569  0.1474821
   1.02279271]
 [-1.20405504 -0.54121825  1.28111119 ...  0.59162179  1.14840886
  -0.13862567]]
[[-1.94630071e-01 -2.66593819e-01 -2.12284675e-01 -1.08604401e-01
  -1.74289365e-01 -1.04736707e-01 -1.80696663e-01 -1.57453259e-01
  -2.51198167e-01 -1.03677152e-01 -1.02191243e-01 -1.15810515e-01
  -1.38093716e-01 -2.10891093e-01 -9.53528610e-02 -8.25487241e-02
  -1.04028273e-01  1.21198151e-02 -2.22948875e-01 -2.65796003e-01
  -1.08639338e-01 -2.14175228e-01 -7.64974773e-02 -2.40768852e-01
  -1.61361008e-01 -3.02244856e-01 -2.83475650e-01 -9.64409830e-02
  -1.98348974e-01 -2.20008490e-01 -1.90447153e-01 -2.46085462e-01
  -7.97289618e-02 -1.67774368e-01 -2.63242714e-01 -1.08593858e-01
  -2.95724950e-01 -2.48270052e-01 -2.72242746e-01 -1.20688166e-01
  -2.25422568e-01 -1.43947749e-01 -1.66766330e-01 -1.77438779e-01
  -5.53771962e-02 -7.02970831e-02 -1.57433712e-01 -2.31154546e-01
  -1.56174813e-01 -2.49558391e-01 -1.87425350e-01 -1.08737482e-01
  -6.07394596e-02 -2.31975561e-01 -2.31396133e-01 -6.87901059e-02
  -1.62269535e-01 -2.56011350e-01 -1.74934106e-01 -2.80015861e-01
  -5.49823725e-02 -8.98317313e-02 -1.23212659e-01 -3.42974431e-01
  -1.75577523e-01 -5.67342096e-02 -9.93090097e-02 -1.00375601e-01
  -1.57332957e-01 -1.32673388e-01 -2.43527292e-01  5.82535840e-04
  -2.32542033e-01 -1.70847183e-01 -1.81609147e-01 -2.06533823e-01
  -1.06286587e-01 -1.72039824e-01 -1.71730419e-01 -1.81241466e-01
  -1.87282913e-01 -3.63514896e-02 -2.12042117e-01 -2.96991240e-01
  -2.36038451e-01 -1.98394646e-01 -3.04738692e-01 -1.31680095e-01
  -1.06988120e-01 -1.97799067e-01 -3.91237247e-03  5.85525772e-02
  -8.37712193e-02 -2.84625371e-01 -1.30318675e-01 -2.38146908e-01
  -1.55927657e-01 -1.11909725e-02 -2.94153958e-01 -2.04600104e-01
  -1.96441187e-01 -1.35814447e-01 -2.77797233e-01 -2.56930864e-01
  -1.33789989e-01 -3.81932816e-01 -2.26972347e-02 -1.38435907e-01
  -2.67240178e-01 -3.48337967e-02 -5.76994368e-02 -1.53662132e-01
  -1.31267318e-01 -2.75786667e-01 -1.73105495e-01 -1.87191871e-01
  -7.39918030e-02 -2.66389258e-01 -8.24320169e-02 -2.11041923e-01
  -2.07878657e-01 -2.90232154e-01 -3.22471223e-01 -1.52177112e-01
  -2.44861627e-01 -2.26512341e-02  4.11805694e-02 -2.16669259e-01
  -2.73749650e-01 -1.57474296e-01 -1.56563979e-01 -2.49450745e-01
  -1.20355621e-01 -1.15643115e-01 -3.79122261e-01 -3.06381497e-01
  -1.01852947e-01 -4.18971995e-02 -1.64630023e-01 -2.84319656e-01
  -3.02885817e-01 -2.65332397e-01 -1.18114068e-01 -1.83246669e-01
  -1.57724826e-01 -7.18868034e-02 -1.05239723e-01 -2.43001034e-01
  -2.33422972e-01 -2.78483116e-01 -8.65311251e-03 -2.14710222e-01
  -1.98435435e-01  2.53953919e-02 -1.69447957e-01 -1.37354337e-01
  -3.54757674e-01  2.36665540e-02 -2.79543163e-01 -2.19775216e-01
  -8.57358716e-02 -1.38602761e-01 -4.32374861e-02 -1.43424694e-01
  -2.10173076e-01 -2.71817976e-01 -1.42547844e-01  2.91007342e-04
  -1.10052961e-01 -1.21098339e-01 -1.94504011e-01 -2.82883649e-01
  -1.69444428e-01 -2.56827807e-01 -7.79058229e-02 -2.52963152e-01
  -1.16263532e-01 -1.43949006e-01 -1.03801865e-01 -2.94959360e-01
  -1.56415745e-01 -2.76573642e-02 -6.25039679e-02 -2.56451395e-01
  -1.92148606e-01 -1.39486114e-01 -2.32553497e-01 -2.25353606e-01
  -1.30761199e-01 -2.63324044e-01 -1.62020989e-01 -1.43051295e-01
  -2.67034627e-01 -1.56069814e-01 -3.11203649e-01 -2.56584228e-01
  -1.41932942e-01 -2.50429853e-01 -1.18278623e-01 -1.73231023e-01
  -1.58134165e-01 -2.98819383e-01 -1.22240775e-01 -1.72306063e-01
  -1.48956617e-01 -2.71175140e-01 -4.26322814e-02 -1.84778312e-01
  -3.44233461e-01 -2.18767817e-01  4.00618017e-02 -3.09123088e-01
  -2.77849726e-01  1.97679049e-03 -1.72365162e-01 -9.38763291e-02
  -1.85636053e-01 -2.34204537e-01 -1.48035177e-01 -1.40979491e-01
  -2.75609442e-01 -1.53338741e-01 -6.96819133e-02 -1.07034815e-01
  -2.13192467e-01 -1.84612377e-01 -2.55428912e-01 -3.11825458e-01
  -8.42002871e-02 -7.31253786e-02 -7.56587697e-02 -1.43319864e-01
  -2.26479110e-01 -4.69214274e-02 -1.27862513e-01 -2.16076515e-01
  -2.21547112e-01 -1.46227759e-01 -1.94587478e-01 -1.10798209e-01
  -2.75406542e-01 -4.23683277e-02 -1.10696381e-01 -1.43927747e-01
  -1.68209163e-01 -1.37905770e-01 -2.46219015e-01 -2.43004818e-01
  -1.56616255e-01 -2.14249415e-01 -9.90546862e-02 -2.64763886e-01
  -2.91926369e-01 -1.78722486e-01 -1.10304381e-01 -2.07314124e-01
  -2.10121049e-01 -3.88983209e-02 -1.64068992e-01 -2.21568191e-01
  -1.21458265e-02 -3.67462929e-02 -2.08917896e-01 -3.43150331e-01
  -1.55798955e-01 -1.92365563e-01  5.07963552e-02 -5.72201880e-02
  -1.48449721e-01 -2.54732878e-01 -1.59977325e-01 -8.61741144e-03
  -1.02499967e-01 -1.26438898e-01 -4.06617835e-02 -1.06077587e-01
   1.98204293e-02 -2.69448239e-01 -2.55533982e-01 -2.91938655e-01
  -1.18104548e-01 -7.85552924e-02 -1.47157241e-01 -1.78766311e-01
  -2.50026196e-01 -1.10249316e-01 -1.33026472e-01 -1.49054767e-01
  -9.34262559e-02 -7.95232387e-02 -2.09487721e-01 -1.87392381e-01
  -1.93474853e-01 -1.58929605e-01 -1.72628039e-01 -1.89380383e-01
  -1.30188870e-01 -2.85603443e-01 -3.33524076e-01 -2.70604212e-01]]
[[-1.59647415 -0.24596002  0.46498739 ... -1.31447899  0.58043234
   0.32546854]
 [-1.51032476  1.64496556  0.84057059 ... -1.24192602  0.55705032
   0.19643718]
 [-0.92156488  1.58888941  0.17032385 ... -0.78105624  0.12882216
  -1.39479346]
 ...
 [-1.87882243 -0.52825909 -0.5045971  ... -0.21651334 -0.32672461
   1.11317339]
 [-0.62813607  0.4591714  -0.57050528 ... -0.41214463  0.83786311
  -0.06830033]
 [-0.24705768 -1.8753415   0.27523104 ...  0.30542937  0.42298016
   0.17808904]]
[[ 0.60797208 -0.05854117 -0.26985342 -0.12815696 -0.33636528 -0.3528418
  -0.74711397 -0.75097803  1.89359876  0.14227978]]
