[[ 0.69987371 -0.66072612  0.13122885 ...  0.85881454  0.45604471
   0.18878349]
 [ 1.34635873  0.12778704  0.09735202 ...  0.59848059 -0.24503512
  -0.39756773]
 [ 0.05346509  0.60612782  0.30886672 ... -0.71692902  0.25748042
  -0.31339212]
 ...
 [-0.29003293  0.55735861  1.45847381 ... -0.49815972 -0.91419632
  -0.3316046 ]
 [ 0.17662552  0.11803083  0.05997364 ... -0.46800329 -0.42900894
   0.52341211]
 [-0.03771544  0.31461701  0.14985509 ... -0.67119837 -0.49529585
   0.54596169]]
[[-0.17802244 -0.25588423 -0.3002407  -0.26074865 -0.03542539 -0.22592727
  -0.1827501  -0.09763132 -0.02042889 -0.12510101 -0.21474342 -0.19701334
  -0.19758814 -0.05429371 -0.05905328 -0.11867238 -0.20072875 -0.15515814
  -0.06490322 -0.21385889 -0.10180914 -0.04316616 -0.10706761 -0.08061173
  -0.1252622  -0.15458526 -0.1861666  -0.13604177 -0.18998071 -0.19985864
  -0.15505445  0.02693804 -0.11727469 -0.27505482 -0.20323154 -0.16605848
  -0.306569   -0.15015768 -0.13577381 -0.23902644 -0.10395057 -0.24273818
  -0.31942128 -0.36709157 -0.21453765 -0.29836978 -0.21901332 -0.08647727
  -0.13953732 -0.07002698 -0.14565028 -0.26860734 -0.23775263 -0.12285911
  -0.32799281 -0.12922524 -0.13321849 -0.23132803 -0.23899725 -0.25714747
  -0.19939664 -0.1080623  -0.26009748 -0.17965285 -0.00780384 -0.23279051
  -0.21644914 -0.18376425 -0.18990693 -0.2643197  -0.28809631  0.07656977
  -0.2296725  -0.27415336 -0.29756449 -0.24893505 -0.17105716 -0.22062426
  -0.21263589 -0.19433637 -0.22097839 -0.19866446 -0.10953535 -0.29873311
  -0.17820571  0.01549994 -0.17313255 -0.18125742 -0.19376084 -0.23363279
  -0.21755213 -0.20756587 -0.08171113 -0.12511261 -0.20594224 -0.22829533
  -0.16184551 -0.04651213 -0.16098135  0.02370507 -0.31355491 -0.34245989
  -0.28236614 -0.24848192 -0.13577578 -0.20987058 -0.11498168 -0.07798194
  -0.17910624 -0.09470147 -0.16727744 -0.25744795 -0.11461857 -0.17531356
  -0.12510186 -0.15731537 -0.09359659 -0.20404731 -0.13107617 -0.04646136
  -0.09013698 -0.21091387 -0.0279749  -0.3243804  -0.26120221 -0.04781585
  -0.21592494 -0.23738108 -0.16706541 -0.002491   -0.16139412 -0.18375388
  -0.14962076 -0.09662267 -0.16491544 -0.15110196 -0.18446157 -0.21421897
  -0.04322378 -0.32396581 -0.33200861 -0.11788796 -0.23384026 -0.16478193
  -0.18068658 -0.39935879 -0.25126099  0.10967848 -0.19630529 -0.23996458
  -0.24336692 -0.31789288 -0.21976148 -0.1953057  -0.04463503 -0.26307382
  -0.27107591 -0.22594274 -0.24865026  0.03438537 -0.32770047 -0.32925115
  -0.34095619 -0.27666    -0.26660638 -0.10507641 -0.16141175 -0.13586892
  -0.17547499 -0.14653122 -0.14510764 -0.11680962 -0.21358708 -0.15729564
  -0.05900154 -0.12072508 -0.08083653 -0.20017106 -0.26164967 -0.12020506
  -0.04042088 -0.31971909 -0.32715317 -0.15895883 -0.27649025 -0.23886821
  -0.16836967 -0.15677145 -0.21672111 -0.0889656  -0.10908306 -0.12663645
   0.04325962 -0.28248522 -0.03363037 -0.19751684 -0.28618326 -0.01910237
  -0.24997923 -0.04773302 -0.1709125  -0.44395903 -0.14881737 -0.16044877
  -0.11008873 -0.18216003 -0.02164144 -0.29215218 -0.2121375  -0.16601402
  -0.23394189 -0.25950931 -0.18852403 -0.32169731 -0.0468373  -0.32265111
  -0.16510338 -0.12750002 -0.0887541  -0.27119577 -0.40339937 -0.19897765
  -0.04354134 -0.03034346 -0.23953766 -0.02403372 -0.19209952 -0.0687697
  -0.29167877 -0.06281451 -0.18233106 -0.27911657 -0.15748957 -0.24528565
  -0.26129218 -0.26096761 -0.23493001 -0.07954073 -0.1212244  -0.19068183
  -0.03870086 -0.08154414 -0.24491986 -0.31932881 -0.27096238 -0.1384869
  -0.19086212 -0.21268644 -0.24692531 -0.18810424 -0.26635064 -0.35851521
  -0.24723091 -0.10073413 -0.2063885  -0.10669516 -0.32471172 -0.2062005
  -0.36273445 -0.26023917 -0.26861253 -0.05647084 -0.12716752 -0.19873985
  -0.12594309 -0.17491772 -0.08803588 -0.28429657 -0.13250483 -0.10888887
  -0.26419192 -0.22952587 -0.21493154 -0.15607376 -0.16408634 -0.37662318
  -0.19208339 -0.12163863 -0.17424138 -0.112418   -0.03803967 -0.34191202
  -0.15115502  0.0515672  -0.22526056 -0.07434225 -0.19757599 -0.04459168
  -0.0741299  -0.28884129 -0.03481651 -0.02209238 -0.19092653 -0.12491699
  -0.07612779 -0.25508306 -0.17347197 -0.1183219  -0.06400767 -0.13353287]]
[[ 0.86650505  0.28749875 -0.25126255 ...  0.25889724  0.28898933
   0.8300942 ]
 [-1.04230265  0.04978526  1.06701509 ... -0.48268757  0.10850764
  -0.66983855]
 [-0.72266301 -0.26810081  0.59594685 ... -0.28039023 -0.04247792
  -0.97154481]
 ...
 [ 0.61791101  0.96778534 -0.09053172 ... -0.30906729 -0.32313168
   0.04966357]
 [ 1.07648559 -0.39856329 -0.4009724  ...  0.0526664  -0.20190267
   0.47938872]
 [-0.84575297 -0.34193191 -0.11838227 ...  0.51823576 -0.26295142
  -0.4311317 ]]
[[ 1.50457942 -1.00417174 -1.19083922 -0.09206787 -0.64914006 -0.96882811
  -0.9599812  -0.19592258  1.59504912  1.96132224]]
